Mean Metrics :
ssim: 0.1501261022258651
F1: 0.0733174333969752
dice: 0.4059826011459033
mIoU: nan
roc: [0.2279411503261407, array([0. , 0.7, 1. ]), array([0.  , 0.16, 1.  ])]
mi: 0.08963885498755687
cc: -0.39110233273226597
ls: 0.7215239206949869
sad: 0.7215239206949869
