Mean Metrics :
ssim: 0.10164557944291915
F1: 0.07130930423736573
dice: 0.3501052190860113
mIoU: []
roc: [nan, array([0.  , 0.74, 1.  ]), array([nan, nan, nan])]
mi: 0.09235791964853696
cc: nan
ls: 0.7611066182454427
sad: 0.7611066182454427
