Mean Metrics :
ssim: 0.1782681777888755
F1: 0.1326104203859965
dice: 0.4032968593140443
mIoU: nan
roc: [0.2754739999457088, array([0. , 0.7, 1. ]), array([0.  , 0.25, 1.  ])]
mi: 0.05817755805670649
cc: -0.3279101806758518
ls: 0.6988159815470377
sad: 0.6988159815470377
