Mean Metrics :
ssim: 0.7719208213236658
F1: 0.7550403277079264
dice: 0.7992205818494161
mIoU: []
roc: [0.8011148430778294, array([0. , 0.1, 1. ]), array([0. , 0.7, 1. ])]
mi: 0.24265879270993915
cc: 0.6247971049077391
ls: 0.1568746566772461
sad: 0.1568746566772461
