Mean Metrics :
F1: 0.4728538592656453
dice: 0.47798048536464594
