Mean Metrics :
F1: 0.23034377098083497
dice: 0.27834996025077996
