Mean Metrics :
F1: 0.49337453842163087
dice: 0.49337452251464126
